1000000001 entree_1 7.78 8.87 3
1000000002 entree_2 3.36 7.94 5
1000000003 entree_3 6.5 4.93 6
1000000004 entree_4 0.28 3.63 1
1000000005 entree_5 7.64 0.6 0
1000000006 entree_6 4.27 5.41 6
1000000007 entree_7 2.12 7.37 2
1000000008 entree_8 4.3 5.68 8
1000000009 entree_9 8.63 5.31 2
1000000010 entree_10 1.36 0.68 3
1010000001 plat_1 0.23 8.03 9
1010000002 plat_2 1.68 0.7 8
1010000003 plat_3 0.12 4.57 3
1010000004 plat_4 3.74 2.3 2
1010000005 plat_5 7.85 9.2 1
1010000006 plat_6 3.25 1.99 7
1010000007 plat_7 4.14 3.71 5
1010000008 plat_8 9.81 0.92 6
1010000009 plat_9 8.63 8.74 6
1010000010 plat_10 2.82 9.97 0
1020000001 fromage_1 0.85 9.26 5
1020000002 fromage_2 5.06 3.37 7
1020000003 fromage_3 3.14 7.3 6
1020000004 fromage_4 8.96 1.25 7
1020000005 fromage_5 8.15 5.46 2
1020000006 fromage_6 3.65 4.35 7
1020000007 fromage_7 0.88 7.51 3
1020000008 fromage_8 1.79 2.77 8
1020000009 fromage_9 4.04 5.85 8
1020000010 fromage_10 4 7.55 1
1030000001 dessert_1 6.77 0.61 2
1030000002 dessert_2 0.13 7.4 8
1030000003 dessert_3 0.95 5.87 6
1030000004 dessert_4 5.71 7.96 9
1030000005 dessert_5 4.68 3.79 4
1030000006 dessert_6 9.03 0.98 1
1030000007 dessert_7 6.53 4.93 7
1030000008 dessert_8 2.81 3.02 6
1030000009 dessert_9 8.66 4.42 6
1030000010 dessert_10 6.2 4.45 9
1040000001 boisson_1 0.32 7.3 0
1040000002 boisson_2 7.72 0.98 7
1040000003 boisson_3 7.1 6.76 1
1040000004 boisson_4 8.57 5.68 7
1040000005 boisson_5 5.87 3.54 7
1040000006 boisson_6 6.84 3.07 5
1040000007 boisson_7 5.29 6.25 9
1040000008 boisson_8 8.3 7.33 1
1040000009 boisson_9 2.71 0.2 3
1040000010 boisson_10 7.16 7.09 8
1050000001 bebe_1 7.97 1.5 0
1050000002 bebe_2 2.46 6.19 3
1050000003 bebe_3 9.22 4.52 6
1050000004 bebe_4 4.89 3.8 5
1050000005 bebe_5 8.42 2.29 4
1050000006 bebe_6 5.01 1.94 0
1050000007 bebe_7 1.25 7.65 4
1050000008 bebe_8 8.57 9.88 4
1050000009 bebe_9 2.28 4.92 3
1050000010 bebe_10 9.37 8.6 5
1060000001 entretien_1 4.38 5.52 2
1060000002 entretien_2 4.08 2.76 8
1060000003 entretien_3 8.59 1.22 4
1060000004 entretien_4 2.38 0.3 5
1060000005 entretien_5 8.19 7.94 5
1060000006 entretien_6 0.12 1.44 8
1060000007 entretien_7 7.77 5.3 8
1060000008 entretien_8 7.64 4.44 4
1060000009 entretien_9 6.07 5.39 3
1060000010 entretien_10 8.19 9.05 0
1070000001 beaute_1 3.7 6.89 8
1070000002 beaute_2 9.97 9.18 7
1070000003 beaute_3 4.71 7.44 4
1070000004 beaute_4 5 4.91 3
1070000005 beaute_5 6.45 7.26 2
1070000006 beaute_6 1.4 5.06 0
1070000007 beaute_7 6.7 7.87 4
1070000008 beaute_8 4.65 5.43 2
1070000009 beaute_9 3.56 5.08 7
1070000010 beaute_10 6.12 3.49 4
1080000001 bricolage_1 3 8.29 2
1080000002 bricolage_2 5.69 7.47 3
1080000003 bricolage_3 3.12 4.23 0
1080000004 bricolage_4 8.02 6.06 0
1080000005 bricolage_5 8.79 7.31 1
1080000006 bricolage_6 7.37 3.21 5
1080000007 bricolage_7 5.23 6.27 4
1080000008 bricolage_8 4.17 7.09 5
1080000009 bricolage_9 9.25 2.59 2
1080000010 bricolage_10 6.25 0.63 7
1090000001 vetement_1 4.53 0.37 0
1090000002 vetement_2 5.51 3.8 9
1090000003 vetement_3 9.74 0.72 8
1090000004 vetement_4 9.31 8.82 1
1090000005 vetement_5 6.61 8.95 3
1090000006 vetement_6 9.82 2 3
1090000007 vetement_7 9.6 9.97 9
1090000008 vetement_8 6.69 8.14 3
1090000009 vetement_9 9.27 0.96 0
1090000010 vetement_10 3.41 0.85 6
